especie	furcal	base	radio	alto	gordo	angos	ojo	1erarc	dist.	largo	cabez	hueso	mandib	hueso	arriba	cabeza	boca	abiert	cachete	largo	ancho	orificio	densi	hocic	interbr	ojoatra	proye	base	altura	area	Intesti
jordani	0.252679695	0.100616674	0.071355909	0.081758669	0.052529051	0.039272448	0.027786304	0.06405667	0.031517051	0.029340132	0.086868075	0.031408464	0.036429266	0.049593115	0.025598418	0.090031195	0.032129285	0.023399454	0.035715552	0.016734958	0.049593115	0.07389565	0.84509804	0.025598418	0.016734958	0.039980344	0.010723865	0.020450074	0.061914352	0.010999184	0.207499723
jordani	0.275533609	0.090462256	0.070847664	0.067599373	0.037216745	0.036516834	0.025162083	0.059038326	0.03447648	0.035617859	0.081081881	0.032293515	0.035113619	0.049085434	0.025880519	0.085484615	0.03300026	0.025162083	0.031585619	0.015712625	0.226280364	0.052388069	0.77815125	0.023721636	0.017179838	0.029454979	0.01128101	0.019371404	0.058918937	0.009493388	0.195462663
jordani	0.283712298	0.105355328	0.08180539	0.081150839	0.049922475	0.037064133	0.029752605	0.063321984	0.034494766	0.032350097	0.088941083	0.033423755	0.036338494	0.046104787	0.025305865	0.097856532	0.034154276	0.025305865	0.038511783	0.014749577	0.039810554	0.055378331	0.84509804	0.024560295	0.014749577	0.041392685	0.014749577	0.021565149	0.049218023	0.009025742	0.242812383
jordani	0.279976392	0.102458208	0.073980052	0.077886776	0.049771617	0.038563395	0.028513157	0.058895786	0.03736875	0.035052507	0.081115746	0.032848912	0.035000664	0.046512129	0.024866666	0.09129002	0.033567348	0.023399454	0.039980344	0.015988105	0.036212173	0.046512129	0.77815125	0.02413368	0.015239967	0.040687089	0.012987786	0.019709589	0.056573455	0.008940661	0.190331698
jordani	0.276158208	0.101798933	0.06811582	0.080544809	0.045101456	0.041392685	0.028540562	0.05962771	0.039174211	0.038002026	0.083935103	0.033878752	0.033878752	0.04383157	0.025460446	0.087299136	0.037651969	0.023912157	0.033878752	0.015296475	0.029706927	0.054131526	0.903089987	0.023135938	0.016875729	0.040647115	0.01052396	0.022358329	0.060864909	0.010215125	0.184744985
jordani	0.280654236	0.102662342	0.078426607	0.072341822	0.041392685	0.03809005	0.029721882	0.060960016	0.031314063	0.031314063	0.087396864	0.036429266	0.034762106	0.04249823	0.026328939	0.100514137	0.036429266	0.025476545	0.037260451	0.011605682	0.019834245	0.04249823	0.84509804	0.024622475	0.013363962	0.040569378	0.018596488	0.020326748	0.056976053	0.007427699	0.167563464
jordani	0.281894985	0.096310573	0.069719118	0.071628108	0.040029122	0.03453165	0.027560482	0.045682606	0.036628895	0.036628895	0.084761123	0.03314634	0.035912556	0.046104787	0.025447122	0.093904503	0.037975716	0.027560482	0.038661264	0.014723257	0.036628895	0.0523091	0.903089987	0.024032481	0.017608945	0.040711439	0.011818266	0.019760698	0.058426024	0.010427173	0.24474619
jordani	0.286427494	0.088421903	0.072712285	0.077426518	0.050841089	0.038838004	0.029121839	0.064135812	0.035292057	0.037405416	0.080347138	0.032384773	0.032384773	0.054965492	0.02517368	0.092969531	0.033683113	0.026493725	0.032384773	0.013109169	0.036350022	0.051917799	0.903089987	0.02384961	0.017168025	0.037555006	0.013109169	0.020521667	0.060997457	0.012204296	0.239824014
jordani	0.2799143	0.094844048	0.069254083	0.076720647	0.047373882	0.036683016	0.026415529	0.055438804	0.036756246	0.041280188	0.078567402	0.033968667	0.035327962	0.049085434	0.022239589	0.090682399	0.031921714	0.023636035	0.034648847	0.014477823	0.035617859	0.045757491	0.903089987	0.025028006	0.015189199	0.036006018	0.010903363	0.020838637	0.052388069	0.009344646	0.273295609
jordani	0.274157849	0.096910013	0.062581984	0.079181246	0.051795446	0.047274867	0.026669428	0.057539321	0.036912083	0.039051469	0.081587316	0.03275303	0.034093446	0.033683113	0.023938007	0.08754481	0.035429738	0.026669428	0.036761931	0.01494035	0.033683113	0.052706351	0.903089987	0.022565828	0.01494035	0.040074643	0.010723865	0.023938007	0.052706351	0.011655011	0.260071388
jordani	0.27909979	0.096383276	0.065251428	0.070317786	0.043778925	0.040194631	0.026793177	0.059169306	0.033348233	0.035232376	0.084630433	0.0311023	0.03597522	0.051831638	0.025554104	0.08517161	0.037788561	0.025554104	0.044373441	0.018044503	0.035232376	0.04910878	0.84509804	0.023688843	0.018675286	0.037184955	0.014876768	0.022440869	0.046368743	0.011993115	0.208213269
jordani	0.28254659	0.098194909	0.06694679	0.078510521	0.0428525	0.038458252	0.028782053	0.061861857	0.036756246	0.035617859	0.08517161	0.033274795	0.033274795	0.045757491	0.022718507	0.091080469	0.031034234	0.025002269	0.045757491	0.016569101	0.039024108	0.045757491	0.84509804	0.023481096	0.013461435	0.041392685	0.015794267	0.027274085	0.045757491	0.009769488	0.243497377
jordani	0.286814092	0.093659069	0.059094684	0.0622951	0.042061345	0.035327962	0.028488538	0.056732632	0.03394653	0.03394653	0.082237518	0.033968667	0.033968667	0.043633797	0.023636035	0.081627982	0.032605104	0.024332578	0.04406117	0.015189199	0.03394653	0.053109689	0.903089987	0.021539678	0.017316359	0.039380506	0.12787317	0.022239589	0.043633797	0.008664034	0.215023346
jordani	0.277890192	0.101798933	0.064599246	0.070212177	0.040647115	0.039152124	0.030072466	0.062475553	0.036580509	0.034154276	0.081904104	0.032360239	0.032360239	0.052029	0.023135938	0.085956648	0.031598986	0.023912157	0.046576142	0.01608682	0.041392685	0.055517328	0.903089987	0.020017114	0.014504689	0.039900263	0.01052396	0.027003234	0.048512426	0.009493388	0.205143056
jordani	0.282994415	0.089485995	0.073003411	0.069881223	0.048033403	0.040052269	0.027107632	0.062932363	0.037405416	0.028889565	0.084061011	0.031921714	0.036006018	0.036350022	0.022938373	0.090084609	0.033287421	0.023636035	0.044725737	0.015189199	0.033168363	0.039508541	0.903089987	0.022938373	0.016608463	0.038707703	0.016608463	0.020838637	0.039508541	0.007491733	0.215023346
jordani	0.281343319	0.109363755	0.044076285	0.074217827	0.037788561	0.039594362	0.024000276	0.05897786	0.029158229	0.034762106	0.085712113	0.033240933	0.037788561	0.034762106	0.024000276	0.080823193	0.035065703	0.022128315	0.042289062	0.01455872	0.026328939	0.038918066	0.84509804	0.02493324	0.015512166	0.043183593	0.012645526	0.018360009	0.034762106	0.003288159	0.146832488
jordani	0.280070311	0.098244252	0.067900236	0.070748079	0.042908549	0.038344992	0.025935734	0.064313969	0.033281387	0.02489475	0.085400366	0.033732972	0.034505051	0.04383157	0.024359346	0.086770382	0.033732972	0.021189299	0.04517247	0.013970942	0.033281387	0.033281387	0.903089987	0.021189299	0.014778932	0.041392685	0.014778932	0.020393159	0.036826668	0.005395032	0.210339103
jordani	0.279725177	0.108219454	0.074536341	0.076865003	0.047233429	0.036323042	0.026872146	0.077380793	0.038301608	0.041112586	0.079181246	0.03119352	0.035472318	0.043905486	0.024258531	0.080718573	0.036323042	0.018098222	0.053813774	0.018098222	0.043905486	0.072195125	0.698970004	0.042231902	0.026002688	0.054629351	0.024258531	0.034619924	0.064298644	0.012520876	0.249588618
jordani	0.272835795	0.104291967	0.079181246	0.059076328	0.03913073	0.036856931	0.026474896	0.048478798	0.038752589	0.029834524	0.084320886	0.029963223	0.035715552	0.038752589	0.022958322	0.082272323	0.029963223	0.02059802	0.065526365	0.026474896	0.054357662	0.069421409	0.77815125	0.049218023	0.028803558	0.081244407	0.031119801	0.044763681	0.083980129	0.01300585	0.290352659
jordani	0.281246483	0.094733094	0.068881289	0.067140628	0.033298073	0.034553261	0.023123799	0.059910361	0.03879271	0.031714413	0.081437326	0.030776763	0.035804831	0.046743404	0.023766722	0.08199952	0.034553261	0.02183509	0.041392685	0.013363962	0.028645181	0.034762106	0.903089987	0.023766722	0.014021486	0.042624727	0.013363962	0.021189299	0.039293916	0.008600172	0.207920348
jordani	0.283471908	0.09196543	0.073683774	0.072298464	0.034636023	0.034636023	0.026232525	0.067648585	0.046625212	0.041392685	0.07506468	0.032360239	0.033878752	0.045322979	0.020017114	0.083259158	0.040647115	0.024686992	0.046576142	0.013711457	0.029383778	0.037426498	0.84509804	0.024686992	0.015296475	0.042879996	0.007312896	0.020017114	0.056904851	0.007534418	0.206673162
jordani	0.270784671	0.097225749	0.073884906	0.097225749	0.03488357	0.037788561	0.022315874	0.057366376	0.037563012	0.035074212	0.07720268	0.034154276	0.035611642	0.04249823	0.018549203	0.073678367	0.03488357	0.019305155	0.044967146	0.011685758	0.031314063	0.04249823	0.84509804	0.025305865	0.013985646	0.039954623	0.014749577	0.020059794	0.053401593	0.007833093	0.175564522
jordani	0.282735373	0.101231387	0.077367905	0.08278537	0.040404529	0.039414119	0.026328939	0.061640934	0.032529225	0.032529225	0.088136089	0.032417279	0.036429266	0.023481096	0.024280376	0.084576278	0.031408464	0.022222105	0.049218023	0.01494035	0.028028724	0.036983566	0.903089987	0.026328939	0.011781831	0.032417279	0.01389006	0.022222105	0.050508646	0.005032432	0.18610838
jordani	0.281285937	0.092642681	0.080786773	0.072699119	0.038752589	0.039634406	0.026215383	0.063069135	0.039709371	0.032624475	0.082386386	0.034316447	0.037868978	0.048061445	0.026215383	0.084774813	0.039634406	0.023481096	0.045757491	0.012368477	0.035472318	0.035472318	0.84509804	0.023481096	0.014240439	0.044888032	0.015173403	0.023481096	0.043905486	0.005395032	0.231016256
jordani	0.280475286	0.0932895	0.072991671	0.073683774	0.044362232	0.034636023	0.023912157	0.061765341	0.041392685	0.042706739	0.07506468	0.032360239	0.033120159	0.045322979	0.024686992	0.084609998	0.038402694	0.021579326	0.041392685	0.014504689	0.037426498	0.053078443	0.84509804	0.021579326	0.014504689	0.039152124	0.01052396	0.024686992	0.06069784	0.009981753	0.202580839
jordani	0.27989498	0.091080469	0.068804075	0.070653451	0.045322979	0.036761931	0.025305865	0.061745596	0.040194631	0.037788561	0.073107098	0.033423755	0.031408464	0.052029	0.024622475	0.085766127	0.035429738	0.025305865	0.044670395	0.013539399	0.034154276	0.055517328	0.84509804	0.02325246	0.014240439	0.03809005	0.016336796	0.027349608	0.055517328	0.012520876	0.164352856
jordani	0.283085751	0.097736454	0.077454427	0.076588435	0.041392685	0.039508541	0.028028724	0.059797748	0.046743404	0.042289062	0.082614422	0.033806562	0.032848912	0.046743404	0.028028724	0.091080469	0.039508541	0.022172979	0.031889144	0.014240439	0.033240933	0.033240933	0.903089987	0.026085568	0.016237199	0.042331701	0.016237199	0.021189299	0.046743404	0.004536318	0.180890142
jordani	0.278305181	0.113943352	0.078471034	0.077759659	0.04677816	0.037504615	0.025627089	0.062545119	0.034154276	0.034154276	0.084821513	0.035939589	0.034368902	0.052029	0.024823584	0.086220209	0.036722807	0.024018589	0.04830468	0.014240439	0.030489322	0.037788561	0.84509804	0.025627089	0.015885496	0.042938219	0.017524345	0.02240411	0.044967146	0.006979191	0.175523182
jordani	0.286170575	0.105974423	0.06649534	0.071212316	0.046388733	0.035611642	0.024560295	0.069869829	0.040241219	0.035086328	0.074550492	0.031959017	0.035611642	0.047860616	0.023813443	0.08311154	0.033423755	0.023065304	0.042826002	0.013220369	0.032485754	0.051620765	0.84509804	0.020813124	0.014749577	0.035611642	0.011685758	0.024560295	0.055348637	0.009620841	0.202636904
labarcae	0.274361632	0.09486145	0.06731159	0.072747136	0.052852307	0.03964736	0.029025498	0.040229915	0.019112041	0.05184274	0.093318662	0.036722807	0.046586967	0.050263485	0.029025498	0.09588694	0.043131024	0.030813947	0.040811689	0.018137322	0.038232398	0.066565997	0.698970004	0.032595062	0.020580617	0.036135526	0.015063746	0.024219978	0.066565997	0.022283995	0.195655507
labarcae	0.280338041	0.090591123	0.060173013	0.072086429	0.047383049	0.035318537	0.026896273	0.040843987	0.026279137	0.030245324	0.092545208	0.029721882	0.041392685	0.050305118	0.035318537	0.094005022	0.03809005	0.031969206	0.034762106	0.013656317	0.031821713	0.05480562	0.84509804	0.033647101	0.021189299	0.039193721	0.014240439	0.021763383	0.05480562	0.018096893	0.16427022
labarcae	0.270361176	0.070877083	0.074217827	0.067510443	0.046743404	0.03597522	0.03597522	0.041990475	0.040617851	0.032792513	0.09054661	0.03597522	0.041392685	0.032792513	0.030489322	0.087329599	0.034154276	0.026793177	0.039594362	0.015512166	0.032792513	0.04830468	0.84509804	0.030489322	0.021189299	0.048512426	0.013603176	0.021189299	0.04830468	0.001430812	0.18520722
labarcae	0.271172996	0.088014659	0.06456055	0.072687936	0.040851508	0.034853623	0.028771743	0.041753096	0.044016829	0.027252504	0.093325719	0.035402321	0.045697994	0.046996563	0.036497642	0.099046476	0.045162159	0.027098159	0.033754143	0.016346346	0.033423755	0.055815028	0.77815125	0.033203357	0.018061797	0.040309656	0.016918916	0.02429444	0.053627142	0.020485586	0.2279923
labarcae	0.27667065	0.089859254	0.057003791	0.066785611	0.044458306	0.032587367	0.026793177	0.040537269	0.038053617	0.019443466	0.092146223	0.034675325	0.042416965	0.043124669	0.033632601	0.100281009	0.040365984	0.028381092	0.033632601	0.013329777	0.027730342	0.038781688	0.84509804	0.032063805	0.01822482	0.037271236	0.016599262	0.022530129	0.045279981	0.01745073	0.227118426
labarcae	0.275388146	0.090140438	0.06694679	0.070407322	0.044016829	0.035029282	0.025305865	0.03910553	0.043424659	0.025110721	0.087781418	0.035029282	0.043493267	0.041862447	0.033959591	0.09482038	0.037160793	0.028028724	0.034494766	0.014800458	0.034762106	0.046532325	0.77815125	0.031273778	0.01814549	0.036096345	0.01758977	0.020913469	0.051152522	0.016552844	0.237543738
labarcae	0.274157849	0.089697365	0.063134592	0.071882007	0.045553069	0.033423755	0.025787612	0.04754209	0.044944966	0.020480036	0.097522702	0.040462718	0.043708928	0.051603269	0.037192061	0.101989539	0.040927951	0.032476548	0.036722807	0.015063746	0.031314063	0.040654089	0.77815125	0.036722807	0.020458778	0.044631977	0.018014796	0.023373517	0.046163184	0.023828393	0.180159621
labarcae	0.280274774	0.094587577	0.068185862	0.068185862	0.045322979	0.037426498	0.032081268	0.043580571	0.040294595	0.029158229	0.093421685	0.032081268	0.038752589	0.029158229	0.029383778	0.091080469	0.029383778	0.022565828	0.029383778	0.018423083	0.034762106	0.045757491	0.84509804	0.026669428	0.021189299	0.038752589	0.010017121	0.023938007	0.034762106	0.002209273	0.193124598
labarcae	0.275937416	0.102060409	0.072785041	0.071494417	0.04758226	0.037216745	0.037216745	0.042545578	0.009048129	0.006303369	0.087357922	0.034410308	0.040699478	0.039211079	0.034410308	0.094158402	0.038613191	0.024442456	0.036516834	0.014240439	0.026530048	0.057564281	0.77815125	0.032293515	0.021551967	0.032293515	0.015712625	0.021551967	0.042324315	0.00811025	0.212140858
labarcae	0.270540674	0.098966196	0.069881223	0.069881223	0.041392685	0.034648847	0.025722322	0.038707703	0.008263267	0.005122319	0.082237518	0.029865067	0.040052269	0.040428657	0.031237246	0.089485995	0.033968667	0.028488538	0.034648847	0.012336679	0.03066882	0.046815456	0.77815125	0.032605104	0.019433152	0.033287421	0.015189199	0.022938373	0.046815456	0.009620841	0.195758975
labarcae	0.283539264	0.104163534	0.077272256	0.061690514	0.043465694	0.036166455	0.028742437	0.048605333	0.038695636	0.025687508	0.095077544	0.037216745	0.04758226	0.044354276	0.035113619	0.085797394	0.043465694	0.023360776	0.043465694	0.012393161	0.027152246	0.040117223	0.903089987	0.034058225	0.015712625	0.043465694	0.020099475	0.021189299	0.031517051	0.002878498	0.193271097
labarcae	0.27446575	0.099450429	0.066450169	0.075790195	0.042444246	0.036096345	0.02311522	0.034851183	0.039717136	0.022596199	0.093888418	0.034494766	0.042444246	0.034577496	0.035029282	0.085409514	0.046104787	0.026397058	0.045062063	0.015918334	0.027878734	0.049817463	0.77815125	0.036628895	0.017033339	0.041392685	0.014800458	0.02201574	0.047672795	0.01742987	0.240881914
labarcae	0.254279832	0.096195517	0.058883417	0.058883417	0.041392685	0.031546797	0.021472504	0.044088501	0.039389016	0.030085371	0.085090106	0.032651872	0.038680031	0.041892161	0.030438902	0.071175591	0.041392685	0.02429444	0.040851508	0.01289498	0.026652195	0.049316179	0.77815125	0.031546797	0.016346346	0.037044269	0.016346346	0.02429444	0.044380962	0.015233976	0.205604752
labarcae	0.278038713	0.098535571	0.063051746	0.077481461	0.049339182	0.041392685	0.026328939	0.040363307	0.032116649	0.020463054	0.092545208	0.035179496	0.042624727	0.035640356	0.032039248	0.083121729	0.042009143	0.024408695	0.045078375	0.012705441	0.027671427	0.040872883	0.903089987	0.035179496	0.014678015	0.04994447	0.014678015	0.023123799	0.0382645	0.010511963	0.194254103
labarcae	0.27380681	0.095368007	0.068514641	0.064268382	0.042889394	0.033830779	0.024059384	0.040892634	0.040617851	0.031210382	0.084644142	0.035860197	0.042889394	0.039064023	0.035860197	0.078722888	0.046855581	0.027168905	0.042889394	0.017244726	0.034368902	0.052852307	0.77815125	0.032812503	0.017244726	0.038383704	0.016186761	0.028715355	0.04830468	0.022840611	0.215647601
labarcae	0.275129426	0.103263442	0.068901607	0.061028984	0.044842223	0.035113619	0.024442456	0.038613191	0.008301277	0.005802452	0.091080469	0.030876566	0.041392685	0.034510851	0.024442456	0.086109949	0.039309734	0.027313835	0.042084788	0.010537991	0.028436703	0.046410074	0.84509804	0.032293515	0.014977156	0.038613191	0.014240439	0.019371404	0.037516361	0.006722692	0.211673121
labarcae	0.272615061	0.096678327	0.069421409	0.069914645	0.042969073	0.035563141	0.028028724	0.045931174	0.009545318	0.006893708	0.092486713	0.035029282	0.044016829	0.041836069	0.034494766	0.082546024	0.050250828	0.029113105	0.04453976	0.015918334	0.039614609	0.048433074	0.698970004	0.033959591	0.016476194	0.039281894	0.01758977	0.026397058	0.037381728	0.016029963	0.210586025
labarcae	0.272474535	0.097436112	0.073662818	0.061269657	0.041392685	0.034154276	0.030489322	0.046152124	0.01040276	0.006530867	0.088941083	0.035369087	0.041392685	0.038752589	0.030489322	0.079181246	0.044967146	0.021815535	0.041392685	0.012964977	0.022565828	0.044016829	0.84509804	0.028028724	0.01678018	0.035369087	0.014240439	0.024311487	0.038752589	0.002878498	0.18990696
labarcae	0.271066772	0.099131473	0.071693225	0.074516384	0.043412663	0.03527576	0.030111675	0.041392685	0.009545318	0.006995993	0.097355215	0.033217489	0.04441914	0.038157702	0.034247844	0.076388346	0.054357662	0.023832609	0.04742465	0.017461427	0.025807264	0.038157702	0.77815125	0.033217489	0.02171925	0.042403849	0.017461427	0.024885445	0.025807264	0.002986341	0.197810509
labarcae	0.270663715	0.096232662	0.068234066	0.066785611	0.043438835	0.03519575	0.025199434	0.037788561	0.009115961	0.006160309	0.091689792	0.034154276	0.044458306	0.034577496	0.036753293	0.081992223	0.048007726	0.030489322	0.041905127	0.017683643	0.036787651	0.054075286	0.698970004	0.036234733	0.016599262	0.035715552	0.014967596	0.025199434	0.032356036	0.013763855	0.218337678
labarcae	0.276732056	0.091770373	0.06069784	0.065118179	0.044862433	0.033187147	0.024823584	0.044862433	0.040514435	0.031632848	0.08656918	0.032002168	0.042552351	0.028028724	0.026028285	0.071665456	0.043708928	0.021189299	0.042552351	0.017524345	0.028028724	0.033423755	0.77815125	0.024823584	0.013828199	0.037894993	0.008850558	0.019971081	0.038752589	0.002425265	0.174384795
labarcae	0.277786711	0.103948189	0.068864978	0.076625062	0.046368743	0.038603373	0.023802915	0.040650618	0.043465694	0.019856921	0.09371756	0.03183501	0.043611308	0.041161739	0.035232376	0.086259543	0.048562154	0.030126308	0.044716384	0.014437711	0.029454979	0.06366908	0.77815125	0.035796029	0.018559859	0.041392685	0.01502899	0.026112997	0.045757491	0.017784353	0.189343991
labarcae	0.285838497	0.098535571	0.071191372	0.073489232	0.049339182	0.038918066	0.023766722	0.041392685	0.035866901	0.022420177	0.09199651	0.035804831	0.042624727	0.035866901	0.035179496	0.075774997	0.048126068	0.026967138	0.045078375	0.016641671	0.030538067	0.041131141	0.77815125	0.03392612	0.016641671	0.040775351	0.012705441	0.023766722	0.043739524	0.012330956	0.231246524
labarcae	0.274039368	0.09017663	0.051399913	0.072165028	0.04742465	0.034247844	0.023832609	0.045423289	0.043465694	0.030876566	0.094677132	0.038854428	0.043412663	0.037216745	0.037834957	0.084713735	0.050904991	0.029591873	0.043412663	0.015316758	0.030876566	0.037216745	0.77815125	0.037324323	0.017461427	0.041392685	0.015316758	0.022248554	0.043465694	0.01745073	0.214775942
labarcae	0.274487735	0.085850991	0.067124017	0.069773778	0.045322979	0.033423755	0.022369448	0.042331701	0.042146451	0.021584292	0.087882782	0.036286617	0.041392685	0.037096458	0.033997839	0.079697956	0.050324506	0.025305865	0.04251926	0.014640526	0.026816819	0.059372853	0.77815125	0.035715552	0.014640526	0.04026318	0.015239967	0.022958322	0.047138396	0.014604533	0.22085494
labarcae	0.271636638	0.099964852	0.071123603	0.074902448	0.046012883	0.037309295	0.023615532	0.049256037	0.010723865	0.004447824	0.090735106	0.034958575	0.043131024	0.044380962	0.035547449	0.087614414	0.037309295	0.029622467	0.044286063	0.016295788	0.029229618	0.041892161	0.77815125	0.034958575	0.015680204	0.041392685	0.016910501	0.024219978	0.041892161	0.013342904	0.21670911
labarcae	0.277609214	0.095605171	0.063051746	0.0805363	0.048733048	0.038421446	0.022737588	0.040898888	0.00913207	0.006466042	0.093859262	0.036429266	0.044833633	0.042822294	0.036928168	0.08546897	0.044833633	0.028876128	0.044833633	0.018596488	0.026196552	0.042822294	0.77815125	0.036429266	0.01389006	0.042870717	0.016511037	0.028367884	0.050902425	0.027268042	0.197969368
labarcae	0.276133415	0.100862664	0.057991947	0.071355909	0.045881557	0.035715552	0.02413368	0.045881557	0.008600172	0.005752329	0.090409226	0.035143736	0.043081454	0.043338016	0.036856931	0.080214051	0.046996563	0.028222562	0.044203662	0.016436371	0.038458252	0.040904988	0.77815125	0.032273306	0.016436371	0.04026318	0.013439158	0.025305865	0.045757491	0.016113666	0.189129221
labarcae	0.280338041	0.09205751	0.071063356	0.067979595	0.044125825	0.035318537	0.023481096	0.041575431	0.009545318	0.004201914	0.088136089	0.03753716	0.043580571	0.038458252	0.036983566	0.082186756	0.03753716	0.029721882	0.043034632	0.012485712	0.031034234	0.033523034	0.77815125	0.035318537	0.015406331	0.038642236	0.013071409	0.025760862	0.043338016	0.015946244	0.187207264
labarcae	0.277206416	0.086456031	0.070786435	0.075250952	0.046695492	0.037103322	0.024530042	0.041570493	0.011581873	0.006408217	0.091714476	0.035483826	0.045111437	0.035912556	0.037641815	0.080158287	0.04827379	0.028944764	0.043521584	0.013292818	0.028963696	0.035912556	0.77815125	0.037103322	0.014429715	0.037103322	0.013861639	0.022305738	0.040484119	0.01416338	0.198582791
labarcae	0.272825764	0.096383276	0.065251428	0.06694679	0.044373441	0.034762106	0.024311487	0.045560039	0.009115961	0.005882182	0.087867425	0.032936058	0.043778925	0.041925889	0.034154276	0.07587861	0.055517328	0.027411389	0.045560039	0.016146636	0.033858267	0.047222229	0.698970004	0.032325665	0.016146636	0.040794071	0.01678018	0.028028724	0.060187206	0.020527012	0.225779043
labarcae	0.284205068	0.11058971	0.071882007	0.065206128	0.039017322	0.033423755	0.025305865	0.048182755	0.009450896	0.005466515	0.096910013	0.028571253	0.042181595	0.042969073	0.031004281	0.080626487	0.043755127	0.025305865	0.04453976	0.016197354	0.026941628	0.033423755	0.77815125	0.032618761	0.013679697	0.041392685	0.013679697	0.02201574	0.033423755	0.005609445	0.199755177
labarcae	0.274214884	0.08846423	0.067406118	0.066026674	0.044791318	0.034514574	0.023481096	0.041067614	0.04165321	0.022348055	0.096695494	0.037967246	0.045757491	0.035092745	0.026013432	0.087150176	0.047683412	0.029032873	0.045757491	0.016827073	0.025062404	0.046831149	0.77815125	0.038948703	0.019910833	0.0428525	0.014759	0.028531089	0.035092745	0.01984297	0.249575775
labarcae	0.270456379	0.101376305	0.072212709	0.073450604	0.049740535	0.03693377	0.021421604	0.036036467	0.04326869	0.029319347	0.092002679	0.036036467	0.042721481	0.045136626	0.038276258	0.081209715	0.050175482	0.031521931	0.042279001	0.012979329	0.02413368	0.039508541	0.698970004	0.03693377	0.017689727	0.040504557	0.014869624	0.024199617	0.039508541	0.021602716	0.232739207
labarcae	0.275342488	0.095969981	0.065266732	0.079181246	0.048798617	0.037103322	0.023419314	0.038895708	0.042101352	0.025256795	0.088375567	0.034942649	0.043521584	0.039734619	0.035483826	0.081133135	0.042990337	0.026190826	0.043521584	0.014429715	0.03013656	0.037354917	0.903089987	0.022862883	0.014429715	0.041392685	0.01499705	0.022305738	0.044455257	0.014982309	0.201175602
labarcae	0.272825764	0.104218025	0.067510443	0.06694679	0.043778925	0.034762106	0.081914386	0.042189556	0.025381731	0.027274085	0.085712113	0.032325665	0.040194631	0.040294595	0.032325665	0.07587861	0.041990475	0.027411389	0.031714413	0.011685758	0.029158229	0.031969206	0.77815125	0.023688843	0.012325839	0.029875478	0.011044733	0.022440869	0.040294595	0.010511963	0.140926842
labarcae	0.28254659	0.106077519	0.070037867	0.067566768	0.044016829	0.036096345	0.024622475	0.041831145	0.035232376	0.025728836	0.092252655	0.034762106	0.044016829	0.040836254	0.034093446	0.08338316	0.042050209	0.029383778	0.061326797	0.019808393	0.040836254	0.043611308	0.84509804	0.039414119	0.019808393	0.062581984	0.022565828	0.03275303	0.046368743	0.016029963	0.324625364
labarcae	0.278286869	0.100089084	0.071731758	0.067958542	0.043803207	0.035715552	0.02413368	0.043803207	0.010219165	0.007323858	0.092276544	0.031614535	0.040586196	0.035912556	0.031614535	0.081391401	0.04219768	0.026641643	0.050166609	0.013095298	0.025447122	0.035912556	0.84509804	0.028305609	0.013095298	0.050166609	0.014811879	0.019073881	0.035912556	0.004751156	0.214519465
labarcae	0.276206412	0.089512618	0.068598101	0.091080469	0.058594715	0.033870331	0.02210747	0.050078864	0.007178585	0.006703686	0.085568045	0.037426498	0.036096345	0.046200422	0.028932563	0.091080469	0.036096345	0.024850391	0.046625212	0.012837225	0.032026384	0.044203662	0.77815125	0.029383778	0.013773205	0.042269163	0.016569101	0.023938007	0.036123532	0.01843002	0.230448921
labarcae	0.275192168	0.090270218	0.067160675	0.072896122	0.048147012	0.035912556	0.024032481	0.050375311	0.007424018	0.006441451	0.089661536	0.032452024	0.041392685	0.037516361	0.03453165	0.083527331	0.040711439	0.026152719	0.040711439	0.014723257	0.031484396	0.046410074	0.84509804	0.03453165	0.017608945	0.037975716	0.01327319	0.028963696	0.043465694	0.011993115	0.211083699
consocium	0.27168675	0.095285613	0.069421409	0.075790195	0.04453976	0.035563141	0.022565828	0.043667858	0.008032095	0.00498974	0.096214585	0.035563141	0.047145014	0.040117223	0.036096345	0.083024585	0.045583738	0.027485516	0.041918784	0.013118231	0.024953282	0.027152246	0.84509804	0.026397058	0.015359755	0.04453976	0.016476194	0.019808393	0.040117223	0.013469232	0.208799537
consocium	0.269512944	0.090225979	0.070541591	0.06649534	0.040674249	0.031224791	0.028275412	0.053194892	0.038204353	0.04161953	0.08311154	0.104114486	0.039954623	0.087830355	0.031224791	0.088297207	0.037064133	0.026050158	0.037788561	0.010916414	0.028963696	0.049485363	0.84509804	0.027534927	0.013985646	0.039954623	0.016273419	0.017791932	0.049485363	0.006936451	0.170794919
consocium	0.263528477	0.109056724	0.08311154	0.067848283	0.04354089	0.036338494	0.028275412	0.053892928	0.034762106	0.036845057	0.090867004	0.036338494	0.037064133	0.057142886	0.028275412	0.097225749	0.03488357	0.025305865	0.039233802	0.010916414	0.029510598	0.042009143	0.903089987	0.027534927	0.013985646	0.035611642	0.013220369	0.018549203	0.042009143	0.006722692	0.129455518
consocium	0.269512944	0.10720997	0.076388346	0.075266137	0.051597724	0.034041968	0.032804661	0.058270252	0.031791834	0.028372175	0.094498004	0.037732879	0.036506057	0.059021488	0.030942066	0.1014298	0.034041968	0.029071448	0.043211088	0.013809164	0.034339023	0.061414301	0.77815125	0.031563819	0.020233755	0.036506057	0.015101708	0.021507347	0.044380962	0.012014237	0.195260827
consocium	0.26776815	0.104787925	0.0754851	0.069254083	0.042728977	0.035327962	0.028488538	0.055870509	0.039508541	0.034510851	0.088286286	0.035327962	0.038033856	0.06366908	0.029865067	0.098966196	0.036006018	0.029177348	0.038033856	0.011620613	0.030876566	0.052239618	0.84509804	0.029177348	0.016608463	0.040722994	0.015189199	0.018023104	0.040501215	0.007000559	0.146653498
consocium	0.275192168	0.087830355	0.0678017	0.0678017	0.038661264	0.03453165	0.031060053	0.053696468	0.038752589	0.03769204	0.084761123	0.032452024	0.035222652	0.055378331	0.029663607	0.097508627	0.037975716	0.026152719	0.040029122	0.013998829	0.042969073	0.049218023	0.84509804	0.028963696	0.019044631	0.037289085	0.014723257	0.019044631	0.055378331	0.009493388	0.200359834
consocium	0.270361176	0.097436112	0.071993522	0.071435661	0.043778925	0.036580509	0.026793177	0.050274272	0.03345857	0.026439517	0.091080469	0.037184955	0.036580509	0.062899281	0.032936058	0.101101066	0.034154276	0.025554104	0.041392685	0.016146636	0.040365984	0.048007726	0.84509804	0.028645181	0.018675286	0.040194631	0.015512166	0.016146636	0.048007726	0.009663317	0.188203842
consocium	0.270031505	0.10720997	0.081587316	0.068598101	0.040514435	0.036983566	0.030734617	0.058032158	0.034762106	0.037324323	0.090297251	0.034316447	0.036096345	0.069326491	0.029834524	0.099603917	0.037868978	0.023481096	0.038752589	0.016104367	0.036045104	0.065752031	0.903089987	0.027123	0.012368477	0.040514435	0.014240439	0.023481096	0.043664501	0.005930867	0.148191196
consocium	0.274306861	0.104685314	0.070335839	0.070931171	0.047086358	0.036268207	0.02977639	0.060189953	0.031714413	0.034060688	0.090132848	0.037555006	0.040755422	0.059507811	0.033034428	0.099702913	0.038196979	0.026493725	0.043932426	0.013788284	0.029355393	0.040563615	0.84509804	0.030429956	0.01446634	0.040755422	0.016494178	0.020521667	0.054178977	0.012204296	0.183499447
consocium	0.266148208	0.096910013	0.072712285	0.080347138	0.047086358	0.034977584	0.033034428	0.056207914	0.031135409	0.033858267	0.092969531	0.031734144	0.040117223	0.049846373	0.02780977	0.104685314	0.040117223	0.02517368	0.039478085	0.011747743	0.025637937	0.049846373	0.903089987	0.030429956	0.018512591	0.042664412	0.018512591	0.020521667	0.047222229	0.010935665	0.212788823
consocium	0.269715933	0.091590504	0.072308518	0.068024444	0.042535566	0.035052507	0.032723845	0.054357662	0.03573783	0.024682464	0.096154061	0.042535566	0.041964502	0.059259961	0.033889737	0.107603174	0.043675447	0.028618397	0.042535566	0.011184167	0.024682464	0.034175618	0.903089987	0.033307182	0.014849121	0.042535566	0.019086174	0.016063932	0.038845496	0.008940661	0.200961463
consocium	0.271771224	0.092678121	0.061840721	0.072550667	0.043778925	0.03597522	0.026174082	0.050274272	0.031987052	0.023335482	0.092678121	0.034762106	0.03597522	0.052073614	0.029875478	0.096383276	0.034762106	0.024311487	0.046152124	0.012964977	0.021584292	0.039628794	0.84509804	0.029260766	0.014240439	0.038391329	0.017412802	0.019305155	0.037096458	0.009025742	0.18990696
consocium	0.269051481	0.08977432	0.073333588	0.069695498	0.049122268	0.041392685	0.028531089	0.052777833	0.035443353	0.025807264	0.094112962	0.037475685	0.041392685	0.056048792	0.031533136	0.094975513	0.045757491	0.028028724	0.047683412	0.015794267	0.038157702	0.048188043	0.698970004	0.030034706	0.016310977	0.046721519	0.015794267	0.024495803	0.036123532	0.017012459	0.22217033
consocium	0.26592124	0.100956835	0.076090169	0.060295902	0.043905486	0.035472318	0.029470127	0.04668054	0.028963696	0.028963696	0.095799758	0.036323042	0.041392685	0.052813306	0.030332679	0.099489623	0.041392685	0.026872146	0.046403831	0.011849273	0.018327381	0.046131721	0.84509804	0.029470127	0.015431103	0.036323042	0.021629091	0.018983634	0.025447122	0.003180391	0.142815323
consocium	0.269937267	0.095327882	0.075215059	0.069197025	0.039233802	0.034154276	0.030489322	0.049922475	0.033379442	0.030042976	0.086359831	0.035611642	0.037788561	0.047548398	0.027534927	0.101622115	0.028275412	0.024560295	0.044967146	0.013220369	0.02780434	0.050753538	0.954242509	0.026793177	0.013985646	0.034154276	0.017033339	0.026050158	0.047548398	0.010215125	0.162727297
consocium	0.275395637	0.101545903	0.075635965	0.062994485	0.041392685	0.036551002	0.03066882	0.054046005	0.036096345	0.025305865	0.094786319	0.031654733	0.040428657	0.041392685	0.031654733	0.092224103	0.034599113	0.02269989	0.044271996	0.011498239	0.025305865	0.037426498	1.041392685	0.031654733	0.015605073	0.03066882	0.016625742	0.017644018	0.025305865	0.002209273	0.186556693
consocium	0.269901923	0.08754481	0.069421409	0.075546961	0.044670395	0.03809005	0.027349608	0.067979595	0.038918066	0.035804831	0.083980129	0.032081268	0.034762106	0.045078375	0.023938007	0.08517161	0.034762106	0.02325246	0.042706739	0.014240439	0.032669117	0.051152522	0.84509804	0.021878109	0.017033339	0.042050209	0.015639134	0.021878109	0.045078375	0.009323393	0.246334417
consocium	0.273001272	0.08850523	0.069267157	0.073871029	0.045485972	0.034762106	0.022479923	0.051152522	0.03597522	0.026793177	0.089610774	0.03809005	0.036013075	0.053776666	0.028028724	0.094733094	0.045893186	0.02504972	0.045893186	0.013363962	0.026793177	0.041392685	0.84509804	0.027179663	0.017728767	0.043034632	0.0190297	0.021189299	0.037788561	0.020361283	0.172760996
consocium	0.272733932	0.083061376	0.07806624	0.085811825	0.055143005	0.038344992	0.026564691	0.064073828	0.034762106	0.029591873	0.093421685	0.038344992	0.038344992	0.04742465	0.029695883	0.093421685	0.051597724	0.027192738	0.05100402	0.016390416	0.032184683	0.044921505	0.84509804	0.026564691	0.016390416	0.04441914	0.01574654	0.025935734	0.04742465	0.015359755	0.185345982
consocium	0.320245226	0.104291967	0.079181246	0.061596071	0.04606759	0.032848912	0.028028724	0.052529051	0.033423755	0.029383778	0.092754053	0.033806562	0.041392685	0.041392685	0.02413368	0.096081997	0.041392685	0.028028724	0.04606759	0.013238606	0.025305865	0.025305865	0.84509804	0.032848912	0.015239967	0.040451635	0.01822482	0.01822482	0.025305865	0.002338881	0.181571388
consocium	0.267171728	0.093318662	0.068404155	0.06346582	0.03964736	0.033778426	0.026629385	0.053417427	0.031034234	0.031034234	0.092803179	0.037894993	0.03964736	0.050556373	0.028427708	0.092287083	0.043708928	0.023615532	0.043131024	0.011968263	0.028531089	0.033523034	0.77815125	0.030813947	0.015680204	0.044862433	0.017524345	0.020580617	0.044065275	0.012223297	0.189506827
consocium	0.258705681	0.097406066	0.076068011	0.062313321	0.03913073	0.031119801	0.029963223	0.051428177	0.008600172	0.006160309	0.097406066	0.034571166	0.041392685	0.037788561	0.028803558	0.090409226	0.037995319	0.02059802	0.033423755	0.014640526	0.028645181	0.037788561	0.903089987	0.033423755	0.017033339	0.044763681	0.012234456	0.026474896	0.037788561	0.003805074	0.160939915
consocium	0.269679692	0.098149085	0.073980052	0.059347001	0.038563395	0.032848912	0.029963223	0.041392685	0.009208002	0.005650274	0.098149085	0.029963223	0.038563395	0.029555244	0.021189299	0.094421213	0.034284597	0.022663985	0.041392685	0.010723865	0.017973371	0.046368743	1.113943352	0.029963223	0.007686829	0.042800448	0.012234456	0.019709589	0.040836254	0.001971558	0.146128036
consocium	0.271636638	0.097420647	0.077581633	0.072747136	0.044286063	0.036722807	0.023615532	0.054545465	0.035576154	0.027366184	0.093833534	0.032595062	0.037309295	0.042834727	0.029025498	0.09486145	0.039064023	0.023615532	0.037894993	0.013828199	0.0257054	0.033129418	0.77815125	0.019360688	0.018749436	0.040811689	0.012589127	0.025426352	0.03066882	0.010554352	0.14200278
consocium	0.274619619	0.098989639	0.076276255	0.074084689	0.046885191	0.035829825	0.026941628	0.053590583	0.035617859	0.031034234	0.09131516	0.031004281	0.038222638	0.045757491	0.026941628	0.089198367	0.042969073	0.022840611	0.051538391	0.012837225	0.028724151	0.042403849	0.84509804	0.035829825	0.015359755	0.046104787	0.02201574	0.027757205	0.045757491	0.009217113	0.15896526
consocium	0.272413423	0.091080469	0.068024444	0.077604858	0.046512129	0.035052507	0.026846969	0.065866455	0.038506997	0.03232162	0.085946905	0.035632727	0.036212173	0.041131141	0.02566199	0.090569835	0.036790846	0.024473769	0.030382629	0.008723568	0.01968014	0.01968014	0.84509804	0.015456951	0.010570323	0.026846969	0.009340026	0.015456951	0.025143035	0.004858535	0.141608802
consocium	0.279066606	0.08898515	0.075196865	0.072687936	0.041392685	0.034853623	0.024856634	0.058536952	0.037854478	0.035430953	0.088354577	0.034853623	0.037590208	0.047415557	0.027656737	0.095718532	0.040851508	0.025978842	0.035950327	0.010578738	0.023106219	0.03054295	0.84509804	0.029328174	0.014048486	0.030993203	0.014048486	0.025978842	0.042661328	0.01630194	0.172106878
consocium	0.27457766	0.104735351	0.075049012	0.055517328	0.029568231	0.035065703	0.028645181	0.053485877	0.032936058	0.030489322	0.096910013	0.037788561	0.041392685	0.044967146	0.030489322	0.092146223	0.046743404	0.022128315	0.048512426	0.011685758	0.023065304	0.030489322	0.903089987	0.031408464	0.019305155	0.040494454	0.012645526	0.023065304	0.044967146	0.006209241	0.178060852
consocium	0.274927193	0.082458956	0.073662818	0.076430797	0.043778925	0.034762106	0.028028724	0.055324265	0.033491619	0.030939441	0.093209368	0.032325665	0.040194631	0.051762915	0.028645181	0.100057088	0.044373441	0.023688843	0.047333879	0.013603176	0.002740037	0.03687136	0.954242509	0.0311023	0.015512166	0.044967146	0.01678018	0.023065304	0.039389016	0.011570444	0.196234821
consocium	0.271329583	0.104787925	0.076720647	0.074246028	0.040052269	0.037358961	0.026415529	0.059522772	0.030927251	0.02413368	0.092470848	0.034648847	0.040052269	0.035715552	0.029865067	0.098379708	0.039380506	0.022239589	0.048691924	0.013051568	0.02413368	0.029963223	0.84509804	0.027107632	0.013765281	0.046051828	0.018023104	0.022239589	0.032848912	0.007342304	0.175108692
consocium	0.275974107	0.098486401	0.073662818	0.053194892	0.026793177	0.032936058	0.028028724	0.05085997	0.027046527	0.023756401	0.097436112	0.032936058	0.043778925	0.054049761	0.032936058	0.094269917	0.032936058	0.020562159	0.043778925	0.011685758	0.02044116	0.02044116	1	0.029260766	0.014240439	0.040194631	0.014240439	0.020562159	0.035164417	0.002425265	0.14140226
consocium	0.275335864	0.074536341	0.073757337	0.064298644	0.0430695	0.035472318	0.029470127	0.0483371	0.037462392	0.026559029	0.092078274	0.033765854	0.038019507	0.041036852	0.027739868	0.095058008	0.036323042	0.024258531	0.044739865	0.012747504	0.026559029	0.026559029	0.954242509	0.028605859	0.012747504	0.039709371	0.014538411	0.022507341	0.037462392	0.005395032	0.153976945
consocium	0.281601444	0.100370545	0.070960916	0.064457989	0.042378598	0.034427905	0.027349608	0.044016829	0.048007726	0.042928201	0.076458388	0.030397301	0.034427905	0.053028527	0.026328939	0.090786928	0.032417279	0.02325246	0.043362278	0.015988105	0.037788561	0.037788561	0.954242509	0.031408464	0.017033339	0.037426498	0.01389006	0.025305865	0.037788561	0.003632837	0.157607853
consocium	0.282617838	0.0932895	0.080544809	0.076441209	0.048045837	0.037651969	0.025460446	0.057957803	0.03736875	0.032723845	0.085283845	0.033878752	0.036899944	0.053245512	0.027003234	0.08258216	0.036899944	0.026232525	0.045101456	0.012120633	0.02566199	0.039672705	0.903089987	0.026232525	0.015296475	0.039900263	0.01132303	0.025460446	0.043105881	0.008259415	0.189008032
consocium	0.281358073	0.087375725	0.077108237	0.060158009	0.041392685	0.029963223	0.029963223	0.054722462	0.044670395	0.03809005	0.089400411	0.035715552	0.04026318	0.04630002	0.031119801	0.096413393	0.04026318	0.025305865	0.041392685	0.014640526	0.031408464	0.031408464	0.954242509	0.028803558	0.015838581	0.041392685	0.014640526	0.029963223	0.036429266	0.003783548	0.141673694
